epoch,error_hedge_2,error_hedge_inf
0,0.0165,0.6516,0.0165
1,0.0049,0.4057,0.0049
2,0.0003,0.1505,0.0003
3,0.0002,0.1082,0.0002
4,0.0001,0.0582,0.0001
5,0.0001,0.0589,0.0001
6,0.0000,0.0502,0.0000
7,0.0000,0.0507,0.0000
8,0.0000,0.0462,0.0000
9,0.0000,0.0502,0.0000
10,0.0000,0.0485,0.0000
11,0.0000,0.0523,0.0000
12,0.0000,0.0511,0.0000
13,0.0000,0.0545,0.0000
14,0.0000,0.0527,0.0000
15,0.0000,0.0553,0.0000
16,0.0000,0.0529,0.0000
17,0.0000,0.0544,0.0000
18,0.0000,0.0495,0.0000
19,0.0000,0.0504,0.0000
20,0.0000,0.0459,0.0000
21,0.0000,0.0467,0.0000
22,0.0000,0.0430,0.0000
23,0.0000,0.0438,0.0000
24,0.0000,0.0405,0.0000
25,0.0000,0.0414,0.0000
26,0.0000,0.0384,0.0000
27,0.0000,0.0393,0.0000
28,0.0000,0.0364,0.0000
29,0.0000,0.0375,0.0000
30,0.0000,0.0342,0.0000
31,0.0000,0.0357,0.0000
32,0.0000,0.0325,0.0000
33,0.0000,0.0330,0.0000
34,0.0000,0.0296,0.0000
35,0.0000,0.0303,0.0000
36,0.0000,0.0285,0.0000
37,0.0000,0.0291,0.0000
38,0.0000,0.0244,0.0000
39,0.0000,0.0253,0.0000
40,0.0000,0.0244,0.0000
41,0.0000,0.0251,0.0000
42,0.0000,0.0253,0.0000
43,0.0000,0.0257,0.0000
44,0.0000,0.0223,0.0000
45,0.0000,0.0229,0.0000
46,0.0000,0.0218,0.0000
47,0.0000,0.0221,0.0000
48,0.0000,0.0213,0.0000
49,0.0000,0.0217,0.0000
0,0.0108,0.5624,0.0108
1,0.0034,0.3761,0.0034
2,0.0003,0.1406,0.0003
3,0.0003,0.1053,0.0003
4,0.0001,0.0588,0.0001
5,0.0001,0.0529,0.0001
6,0.0001,0.0430,0.0001
7,0.0000,0.0466,0.0000
8,0.0000,0.0432,0.0000
9,0.0000,0.0454,0.0000
10,0.0000,0.0410,0.0000
11,0.0000,0.0430,0.0000
12,0.0000,0.0403,0.0000
13,0.0000,0.0419,0.0000
14,0.0000,0.0373,0.0000
15,0.0000,0.0389,0.0000
16,0.0000,0.0351,0.0000
17,0.0000,0.0364,0.0000
18,0.0000,0.0358,0.0000
19,0.0000,0.0367,0.0000
20,0.0000,0.0360,0.0000
21,0.0000,0.0369,0.0000
22,0.0000,0.0376,0.0000
23,0.0000,0.0381,0.0000
24,0.0000,0.0354,0.0000
25,0.0000,0.0359,0.0000
26,0.0000,0.0376,0.0000
27,0.0000,0.0380,0.0000
28,0.0000,0.0358,0.0000
29,0.0000,0.0362,0.0000
30,0.0000,0.0339,0.0000
31,0.0000,0.0343,0.0000
32,0.0000,0.0334,0.0000
33,0.0000,0.0337,0.0000
34,0.0000,0.0345,0.0000
35,0.0000,0.0346,0.0000
36,0.0000,0.0356,0.0000
37,0.0000,0.0354,0.0000
38,0.0000,0.0330,0.0000
39,0.0000,0.0331,0.0000
40,0.0000,0.0340,0.0000
41,0.0000,0.0340,0.0000
42,0.0000,0.0314,0.0000
43,0.0000,0.0315,0.0000
44,0.0000,0.0309,0.0000
45,0.0000,0.0311,0.0000
46,0.0000,0.0319,0.0000
47,0.0000,0.0318,0.0000
48,0.0000,0.0324,0.0000
49,0.0000,0.0322,0.0000
0,0.0118,0.5706,0.0118
1,0.0028,0.3290,0.0028
2,0.0002,0.1193,0.0002
3,0.0002,0.1317,0.0002
4,0.0001,0.0662,0.0001
5,0.0001,0.0650,0.0001
6,0.0000,0.0524,0.0000
7,0.0000,0.0528,0.0000
8,0.0000,0.0466,0.0000
9,0.0000,0.0500,0.0000
10,0.0000,0.0480,0.0000
11,0.0000,0.0482,0.0000
12,0.0000,0.0456,0.0000
13,0.0000,0.0459,0.0000
14,0.0000,0.0447,0.0000
15,0.0000,0.0451,0.0000
16,0.0000,0.0420,0.0000
17,0.0000,0.0425,0.0000
18,0.0000,0.0416,0.0000
19,0.0000,0.0423,0.0000
20,0.0000,0.0378,0.0000
21,0.0000,0.0398,0.0000
22,0.0000,0.0337,0.0000
23,0.0000,0.0353,0.0000
24,0.0000,0.0308,0.0000
25,0.0000,0.0322,0.0000
26,0.0000,0.0276,0.0000
27,0.0000,0.0287,0.0000
28,0.0000,0.0289,0.0000
29,0.0000,0.0294,0.0000
30,0.0000,0.0286,0.0000
31,0.0000,0.0285,0.0000
32,0.0000,0.0297,0.0000
33,0.0000,0.0297,0.0000
34,0.0000,0.0290,0.0000
35,0.0000,0.0291,0.0000
36,0.0000,0.0267,0.0000
37,0.0000,0.0271,0.0000
38,0.0000,0.0258,0.0000
39,0.0000,0.0263,0.0000
40,0.0000,0.0266,0.0000
41,0.0000,0.0268,0.0000
42,0.0000,0.0260,0.0000
43,0.0000,0.0262,0.0000
44,0.0000,0.0253,0.0000
45,0.0000,0.0255,0.0000
46,0.0000,0.0246,0.0000
47,0.0000,0.0248,0.0000
48,0.0000,0.0235,0.0000
49,0.0000,0.0239,0.0000
0,0.0163,0.6527,0.0163
1,0.0047,0.4243,0.0047
2,0.0003,0.1361,0.0003
3,0.0002,0.1195,0.0002
4,0.0001,0.0670,0.0001
5,0.0001,0.0615,0.0001
6,0.0000,0.0531,0.0000
7,0.0000,0.0525,0.0000
8,0.0000,0.0505,0.0000
9,0.0000,0.0510,0.0000
10,0.0000,0.0499,0.0000
11,0.0000,0.0503,0.0000
12,0.0000,0.0468,0.0000
13,0.0000,0.0473,0.0000
14,0.0000,0.0409,0.0000
15,0.0000,0.0429,0.0000
16,0.0000,0.0396,0.0000
17,0.0000,0.0416,0.0000
18,0.0000,0.0408,0.0000
19,0.0000,0.0423,0.0000
20,0.0000,0.0408,0.0000
21,0.0000,0.0404,0.0000
22,0.0000,0.0376,0.0000
23,0.0000,0.0387,0.0000
24,0.0000,0.0377,0.0000
25,0.0000,0.0386,0.0000
26,0.0000,0.0340,0.0000
27,0.0000,0.0346,0.0000
28,0.0000,0.0314,0.0000
29,0.0000,0.0319,0.0000
30,0.0000,0.0297,0.0000
31,0.0000,0.0304,0.0000
32,0.0000,0.0283,0.0000
33,0.0000,0.0289,0.0000
34,0.0000,0.0284,0.0000
35,0.0000,0.0291,0.0000
36,0.0000,0.0300,0.0000
37,0.0000,0.0293,0.0000
38,0.0000,0.0293,0.0000
39,0.0000,0.0295,0.0000
40,0.0000,0.0286,0.0000
41,0.0000,0.0289,0.0000
42,0.0000,0.0276,0.0000
43,0.0000,0.0280,0.0000
44,0.0000,0.0264,0.0000
45,0.0000,0.0267,0.0000
46,0.0000,0.0260,0.0000
47,0.0000,0.0259,0.0000
48,0.0000,0.0264,0.0000
49,0.0000,0.0266,0.0000
0,0.0140,0.6124,0.0140
1,0.0045,0.4953,0.0045
2,0.0006,0.2104,0.0006
3,0.0006,0.1980,0.0006
4,0.0003,0.1448,0.0003
5,0.0003,0.1312,0.0003
6,0.0003,0.1293,0.0003
7,0.0003,0.1270,0.0003
8,0.0003,0.1320,0.0003
9,0.0003,0.1314,0.0003
10,0.0003,0.1363,0.0003
11,0.0003,0.1356,0.0003
12,0.0003,0.1399,0.0003
13,0.0003,0.1365,0.0003
14,0.0003,0.1393,0.0003
15,0.0003,0.1406,0.0003
16,0.0003,0.1427,0.0003
17,0.0003,0.1387,0.0003
18,0.0003,0.1405,0.0003
19,0.0003,0.1418,0.0003
20,0.0003,0.1429,0.0003
21,0.0003,0.1403,0.0003
22,0.0003,0.1413,0.0003
23,0.0003,0.1404,0.0003
24,0.0003,0.1409,0.0003
25,0.0003,0.1391,0.0003
26,0.0003,0.1391,0.0003
27,0.0003,0.1389,0.0003
28,0.0003,0.1388,0.0003
29,0.0003,0.1419,0.0003
30,0.0003,0.1422,0.0003
31,0.0003,0.1384,0.0003
32,0.0003,0.1381,0.0003
33,0.0003,0.1364,0.0003
34,0.0003,0.1362,0.0003
35,0.0003,0.1375,0.0003
36,0.0003,0.1376,0.0003
37,0.0003,0.1373,0.0003
38,0.0003,0.1372,0.0003
39,0.0003,0.1383,0.0003
40,0.0003,0.1384,0.0003
41,0.0003,0.1356,0.0003
42,0.0003,0.1351,0.0003
43,0.0003,0.1362,0.0003
44,0.0003,0.1366,0.0003
45,0.0003,0.1371,0.0003
46,0.0003,0.1371,0.0003
47,0.0003,0.1342,0.0003
48,0.0003,0.1340,0.0003
49,0.0003,0.1338,0.0003
0,0.0093,0.6386,0.0093
1,0.0036,0.4449,0.0036
2,0.0006,0.2273,0.0006
3,0.0003,0.1618,0.0003
4,0.0002,0.1266,0.0002
5,0.0002,0.1304,0.0002
6,0.0002,0.1322,0.0002
7,0.0002,0.1379,0.0002
8,0.0002,0.1447,0.0002
9,0.0002,0.1414,0.0002
10,0.0003,0.1462,0.0003
11,0.0003,0.1486,0.0003
12,0.0003,0.1505,0.0003
13,0.0003,0.1518,0.0003
14,0.0003,0.1517,0.0003
15,0.0003,0.1491,0.0003
16,0.0003,0.1489,0.0003
17,0.0003,0.1523,0.0003
18,0.0003,0.1521,0.0003
19,0.0003,0.1475,0.0003
20,0.0003,0.1479,0.0003
21,0.0003,0.1510,0.0003
22,0.0003,0.1507,0.0003
23,0.0003,0.1475,0.0003
24,0.0003,0.1472,0.0003
25,0.0003,0.1475,0.0003
26,0.0003,0.1474,0.0003
27,0.0003,0.1490,0.0003
28,0.0003,0.1482,0.0003
29,0.0003,0.1506,0.0003
30,0.0003,0.1501,0.0003
31,0.0003,0.1497,0.0003
32,0.0003,0.1503,0.0003
33,0.0003,0.1503,0.0003
34,0.0003,0.1497,0.0003
35,0.0003,0.1480,0.0003
36,0.0003,0.1484,0.0003
37,0.0003,0.1481,0.0003
38,0.0003,0.1475,0.0003
39,0.0003,0.1491,0.0003
40,0.0003,0.1508,0.0003
41,0.0003,0.1474,0.0003
42,0.0003,0.1476,0.0003
43,0.0003,0.1488,0.0003
44,0.0003,0.1475,0.0003
45,0.0003,0.1515,0.0003
46,0.0003,0.1539,0.0003
47,0.0003,0.1516,0.0003
48,0.0003,0.1516,0.0003
49,0.0003,0.1510,0.0003
0,0.0081,0.5137,0.0081
1,0.0019,0.3092,0.0019
2,0.0003,0.1160,0.0003
3,0.0003,0.1172,0.0003
4,0.0002,0.0971,0.0002
5,0.0002,0.1103,0.0002
6,0.0002,0.1171,0.0002
7,0.0002,0.1129,0.0002
8,0.0003,0.1268,0.0003
9,0.0003,0.1209,0.0003
10,0.0003,0.1421,0.0003
11,0.0003,0.1375,0.0003
12,0.0003,0.1415,0.0003
13,0.0003,0.1388,0.0003
14,0.0003,0.1419,0.0003
15,0.0003,0.1410,0.0003
16,0.0003,0.1446,0.0003
17,0.0003,0.1403,0.0003
18,0.0003,0.1421,0.0003
19,0.0003,0.1374,0.0003
20,0.0003,0.1366,0.0003
21,0.0003,0.1379,0.0003
22,0.0003,0.1388,0.0003
23,0.0003,0.1367,0.0003
24,0.0003,0.1426,0.0003
25,0.0003,0.1397,0.0003
26,0.0003,0.1341,0.0003
27,0.0003,0.1347,0.0003
28,0.0003,0.1382,0.0003
29,0.0003,0.1350,0.0003
30,0.0003,0.1363,0.0003
31,0.0003,0.1346,0.0003
32,0.0003,0.1362,0.0003
33,0.0003,0.1305,0.0003
34,0.0003,0.1301,0.0003
35,0.0003,0.1309,0.0003
36,0.0003,0.1307,0.0003
37,0.0003,0.1272,0.0003
38,0.0003,0.1285,0.0003
39,0.0003,0.1235,0.0003
40,0.0003,0.1230,0.0003
41,0.0003,0.1217,0.0003
42,0.0003,0.1223,0.0003
43,0.0003,0.1194,0.0003
44,0.0003,0.1221,0.0003
45,0.0003,0.1210,0.0003
46,0.0003,0.1208,0.0003
47,0.0003,0.1169,0.0003
48,0.0003,0.1174,0.0003
49,0.0003,0.1134,0.0003
0,0.0178,0.7338,0.0178
1,0.0034,0.3899,0.0034
2,0.0005,0.1761,0.0005
3,0.0005,0.1513,0.0005
4,0.0003,0.1257,0.0003
5,0.0002,0.1181,0.0002
6,0.0002,0.1255,0.0002
7,0.0002,0.1185,0.0002
8,0.0003,0.1315,0.0003
9,0.0002,0.1256,0.0002
10,0.0003,0.1412,0.0003
11,0.0003,0.1306,0.0003
12,0.0003,0.1353,0.0003
13,0.0002,0.1308,0.0002
14,0.0002,0.1278,0.0002
15,0.0002,0.1264,0.0002
16,0.0002,0.1289,0.0002
17,0.0002,0.1269,0.0002
18,0.0002,0.1270,0.0002
19,0.0002,0.1252,0.0002
20,0.0002,0.1270,0.0002
21,0.0002,0.1273,0.0002
22,0.0002,0.1286,0.0002
23,0.0002,0.1272,0.0002
24,0.0002,0.1251,0.0002
25,0.0002,0.1257,0.0002
26,0.0002,0.1264,0.0002
27,0.0002,0.1237,0.0002
28,0.0002,0.1241,0.0002
29,0.0002,0.1230,0.0002
30,0.0002,0.1243,0.0002
31,0.0002,0.1246,0.0002
32,0.0002,0.1210,0.0002
33,0.0002,0.1198,0.0002
34,0.0002,0.1206,0.0002
35,0.0002,0.1206,0.0002
36,0.0002,0.1212,0.0002
37,0.0002,0.1182,0.0002
38,0.0002,0.1188,0.0002
39,0.0002,0.1217,0.0002
40,0.0002,0.1190,0.0002
41,0.0002,0.1154,0.0002
42,0.0002,0.1178,0.0002
43,0.0002,0.1177,0.0002
44,0.0002,0.1170,0.0002
45,0.0002,0.1131,0.0002
46,0.0002,0.1134,0.0002
47,0.0002,0.1165,0.0002
48,0.0002,0.1168,0.0002
49,0.0002,0.1161,0.0002
0,0.0075,0.5900,0.0075
1,0.0027,0.4051,0.0027
2,0.0004,0.2011,0.0004
3,0.0004,0.1672,0.0004
4,0.0002,0.1195,0.0002
5,0.0002,0.1411,0.0002
6,0.0002,0.1387,0.0002
7,0.0002,0.1445,0.0002
8,0.0002,0.1512,0.0002
9,0.0002,0.1506,0.0002
10,0.0002,0.1563,0.0002
11,0.0002,0.1552,0.0002
12,0.0002,0.1592,0.0002
13,0.0002,0.1584,0.0002
14,0.0003,0.1594,0.0003
15,0.0003,0.1609,0.0003
16,0.0003,0.1601,0.0003
17,0.0003,0.1608,0.0003
18,0.0003,0.1598,0.0003
19,0.0003,0.1614,0.0003
20,0.0003,0.1611,0.0003
21,0.0003,0.1609,0.0003
22,0.0003,0.1602,0.0003
23,0.0003,0.1612,0.0003
24,0.0003,0.1594,0.0003
25,0.0003,0.1606,0.0003
26,0.0003,0.1599,0.0003
27,0.0003,0.1608,0.0003
28,0.0003,0.1617,0.0003
29,0.0003,0.1633,0.0003
30,0.0003,0.1629,0.0003
31,0.0003,0.1632,0.0003
32,0.0003,0.1611,0.0003
33,0.0003,0.1601,0.0003
34,0.0003,0.1597,0.0003
35,0.0003,0.1614,0.0003
36,0.0003,0.1600,0.0003
37,0.0003,0.1618,0.0003
38,0.0003,0.1612,0.0003
39,0.0003,0.1599,0.0003
40,0.0003,0.1590,0.0003
41,0.0003,0.1589,0.0003
42,0.0003,0.1598,0.0003
43,0.0003,0.1602,0.0003
44,0.0003,0.1602,0.0003
45,0.0003,0.1581,0.0003
46,0.0003,0.1578,0.0003
47,0.0003,0.1592,0.0003
48,0.0003,0.1587,0.0003
49,0.0003,0.1583,0.0003
0,0.0092,0.6127,0.0092
1,0.0031,0.4466,0.0031
2,0.0004,0.1850,0.0004
3,0.0004,0.1681,0.0004
4,0.0003,0.1304,0.0003
5,0.0002,0.1461,0.0002
6,0.0003,0.1481,0.0003
7,0.0002,0.1481,0.0002
8,0.0003,0.1569,0.0003
9,0.0003,0.1560,0.0003
10,0.0003,0.1644,0.0003
11,0.0003,0.1631,0.0003
12,0.0003,0.1697,0.0003
13,0.0003,0.1665,0.0003
14,0.0003,0.1698,0.0003
15,0.0003,0.1687,0.0003
16,0.0003,0.1708,0.0003
17,0.0003,0.1703,0.0003
18,0.0003,0.1707,0.0003
19,0.0003,0.1691,0.0003
20,0.0003,0.1692,0.0003
21,0.0003,0.1675,0.0003
22,0.0003,0.1676,0.0003
23,0.0003,0.1647,0.0003
24,0.0003,0.1645,0.0003
25,0.0003,0.1622,0.0003
26,0.0003,0.1629,0.0003
27,0.0003,0.1640,0.0003
28,0.0003,0.1633,0.0003
29,0.0003,0.1631,0.0003
30,0.0003,0.1633,0.0003
31,0.0003,0.1616,0.0003
32,0.0003,0.1599,0.0003
33,0.0003,0.1582,0.0003
34,0.0003,0.1586,0.0003
35,0.0003,0.1582,0.0003
36,0.0003,0.1594,0.0003
37,0.0003,0.1576,0.0003
38,0.0003,0.1566,0.0003
39,0.0003,0.1540,0.0003
40,0.0003,0.1517,0.0003
41,0.0003,0.1508,0.0003
42,0.0003,0.1499,0.0003
43,0.0003,0.1494,0.0003
44,0.0003,0.1495,0.0003
45,0.0003,0.1452,0.0003
46,0.0003,0.1447,0.0003
47,0.0003,0.1447,0.0003
48,0.0003,0.1455,0.0003
49,0.0003,0.1446,0.0003
0,0.0141,0.5974,0.0141
1,0.0061,0.4740,0.0061
2,0.0011,0.2412,0.0011
3,0.0006,0.1749,0.0006
4,0.0001,0.0997,0.0001
5,0.0001,0.0916,0.0001
6,0.0001,0.0752,0.0001
7,0.0001,0.0779,0.0001
8,0.0001,0.0723,0.0001
9,0.0001,0.0735,0.0001
10,0.0000,0.0713,0.0000
11,0.0000,0.0719,0.0000
12,0.0000,0.0699,0.0000
13,0.0000,0.0707,0.0000
14,0.0000,0.0640,0.0000
15,0.0000,0.0650,0.0000
16,0.0000,0.0600,0.0000
17,0.0000,0.0611,0.0000
18,0.0000,0.0566,0.0000
19,0.0000,0.0576,0.0000
20,0.0000,0.0588,0.0000
21,0.0000,0.0592,0.0000
22,0.0000,0.0607,0.0000
23,0.0000,0.0604,0.0000
24,0.0000,0.0593,0.0000
25,0.0000,0.0593,0.0000
26,0.0000,0.0536,0.0000
27,0.0000,0.0543,0.0000
28,0.0000,0.0487,0.0000
29,0.0000,0.0495,0.0000
30,0.0000,0.0454,0.0000
31,0.0000,0.0463,0.0000
32,0.0000,0.0470,0.0000
33,0.0000,0.0478,0.0000
34,0.0000,0.0500,0.0000
35,0.0000,0.0506,0.0000
36,0.0000,0.0500,0.0000
37,0.0000,0.0504,0.0000
38,0.0000,0.0476,0.0000
39,0.0000,0.0477,0.0000
40,0.0000,0.0450,0.0000
41,0.0000,0.0453,0.0000
42,0.0000,0.0408,0.0000
43,0.0000,0.0413,0.0000
44,0.0000,0.0384,0.0000
45,0.0000,0.0388,0.0000
46,0.0000,0.0406,0.0000
47,0.0000,0.0410,0.0000
48,0.0000,0.0426,0.0000
49,0.0000,0.0426,0.0000
